808451854430511104
808446693293326336
808446928572841984
808292493666189312
808290276955553792
808287126345383936
808041069547880448
803973819832664066
803018821112102918
801969720543084544
798588816479158276
796050439053508612
804037930293592076
795490673411686404
794251678455365637
794268743216070662
798761345638277127
790069026722635784
762436525355171842
758854264902909954
785683111614873604
754087703075880965
748427130690748416
743064025936891904
758841325936443399
758357427305807872
804056948522029056
803113754066096128
786984652967972864
785490975061905408
790265299564171264
789271084252205056
785477292864770048
784478415583907840
793516097194627072
791614986158280704
773973915358068736
757097275629924352
763063624579551232
756996536597352448
746242192696545280
793644988206878721
801442071492104193
797617422828244993
792032698957238273
780549674377875457
791668656346435585
783359694354190337
786748148555386881
783115443875811329
782016024052961281
757689758478925824
757067627357360128
797319476949741568
759393248473444352
795725141737082880
791085126834851840
790264711442993152
785514084020129792
806500269622169600
806476271429488641
793598582494466049
793101331707858945
792862905549066241
792043957354106881
791757697645416449
791681948158660609
789623092507185153
789618452537413633
789308751731888129
793226710057619458
789582613132480514
788917816711843842
784479910052106242
795446168213917698
771431251907579908
757741749439696900
750400516635627524
745756934851137540
727551147804921859
788719592600375301
775269122359824389
762719686605869057
742344513688113153
769884363014213632
758411075410923520
741117038480003072
802471181517369344
800909875081424896
795443745063743488
794229805382152192
793841161903321088
774177749883727872
771432203716702208
757881693978013696
757876023371280384
743748124661821440
730238266855858176
756854563513196544
757644599217225729
745612447655002112
745218623652802561
792048311679217664
759156943403487232
758322254627344384
757105750506344448
753693596021297152
762666065834967040
757702786956009473
768135530554990592
763559394667851777
803332507538223104
785928038928097280
780515429269643264
785662706791489536
786565497848340480
791848331961966592
791634870384467968
789162458640293888
786176282706845697
785661456305889281
785937206015696896
786604152340094978
786225211481792514
771726115601866752
771329205594447872
771188978133245953
759007504286097410
769647257335566336
752500011112534016
778034095741960192
773507965253025792
772806079818465280
756293122955640832
756219192878268416
755009508628463616
739039637692395520
731598066181124096
731578420438675456
730213069788459008
776703987743612928
757983898190110720
749255548344885248
755913224357281792
738030814575898625
756465396421652481
750643618319331328
737257941728890880
732386865504980992
776391090576457728
775114886946914304
759119310434500608
758328790925844481
747537593659695104
755528093863964672
753737134645899264
746734509148745728
744616026864758784
744598982500954112
744176903377006592
774785785212133376
750820908961587200
750670649530736640
747683328841625601
746128426654904321
744606463348322305
744626510288531458
758305618264526849
795287766359805952
759377675794452480
758463256113676289
762658996805328896
757003945436930048
756387624072404992
757013378887974913
755235104994230272
738401481334853633
757636715041394688
802485956490264576
801542255270133760
801133798259916800
787295910934052864
783227208890548224
806293244996976640
795082945019215872
789484970209411072
803393673610362880
802483373008715776
779065291259125761
757631321699155969
775298069281775616
763112662142164992
758385709988323328
758121752673316865
758405848792231936
735507061253902336
793507947896864769
801430052084875265
807645766256705536
802482570071916544
798110156336676864
794585526275899393
792354096829399041
798768790959833089
794530277175558145
795488264232648704
785567754212564992
800787372073828354
739798839180328960
735426890232692736
758385990029508610
755199717781504002
730489171748474880
804058560581746688
729633569434390528
727511827052122112
775314320930574336
758289627035930624
757576330410135552
776842789397168128
776759615744868352
757640821692923904
755558231917723648
756630726968213505
757604503181033476
757576770837250052
756960126939037696
785694663969677312
785666130983591936
778445631949971456
774032246743310336
758855786806190080
758118924122660864
758118780492914688
757921245065191424
754086524493307904
757868983559286784
754356119607341056
739053145993646080
758128990141882369
783368501180399616
759113010799607808
757869357921894400
753542448417243136
735425956656087040
762778319746113536
758404024941027328
757019571761061888
773466698557091840
767546212841091072
743780570153521152
746378519626735616
741291649595232256
741097901351391232
741092392011452416
739048200804388864
735534166721318913
735480787886297088
735433993177419776
732350371075608577
731601727045128192
731075344892055553
731074386787192833
796052825239388160
729647302227415041
738796156965244931
757361968714027012
728193195625041925
774780100151808000
735472791655485440
783234625632174080
756972434457329664
755522408401043456
775774893317185536
757576852475109376
757576711638745089
756994773098037249
754866748067807233
745754882897027072
745661396348772352
743232663276953600
737806568201330688
735480940240248832
733355438285201408
758406460866981889
732032129761222656
730246540569288704
764105918577537024
757651906923753472
794672358166499328
770681051760955392
757575186690478080
730491094467743744
730491819222573057
785485565860937728
733963500029116416
757004868208959489
776376561616429056
758307206047604736
757868071142957056
757577848928477184
768094812641882112
757658055785877504
730238453582041088
747533789480378368
746387590513713152
746120019495378944
745777778222456832
745227505108279296
744447189926043648
743848013013999616
729631875442958336
739231036459122688
744454787928711172
722567716037660673
748562181101391872
776374537193676800
757568843665506305
784940702593581056
758439721102110720
758432706883645440
757899668944588800
790074503472746496
758332248097689600
756515688727056384
743458977070080000
757629513127854081
775325095011188736
795870165254676480
754093510408675328
775119372314669057
749929266079473664
768073938433929216
730933033952514048
789898628466896896
788818588610228224
787481071571070976
785474021211140096
787355043821416448
780578615008325633
780573773170896897
782909905724403712
785214722438230016
790004642038050816
793899706812362754
793644096430698498
786988754804305922
785527683371397122
792012774817820673
765353210588590082
757577085179293698
756589105320980482
754107415633752066
793265690698477572
791072272165531652
789645288562651140
784538205156700164
764196419293048836
757732041727307780
757709061206994948
743515351762223104
762818430370185216
757646393855078406
758280621710053376
756577680062091264
739229507752759296
757065860523536384
791665358625206280
790570377437216768
789269839059845120
728003520897662976
727515277865435136
725154298649296896
757867733975457792
743842896961540096
757374568474476545
782954683279212544
753741243444756480
750395568611000320
756517494530142209
737822461509636097
776375500604313600
757577019307724800
735435094144454656
733338493510881280
757007171968204801
741104384872972288
739214908500377600
780582100990828544
758354768255393792
783424443070738433
757650610346979329
757576671679672321
792858114462773248
769581938365624320
724997394723643392
746236349565403136
745774926716502016
744575645997367296
743746001593204736
756573903993135104
732012792807456769
730205876510920704
737620648424407045
760138374250434560
741086071929376768
731583770588024832
803354550799400961
790186837801402368
789887724199313408
789647602778341376
788413380843503616
783380457635414016
758343266295316480
756626079314575360
755019531228250112
756507038813937664
733964560705675264
757922506741121024
783274083492429824
779738247907901440
768134865049030656
773569894461894656
760127627957006336
757107739009118208
756288222741819392
793629173054967808
794691433068367872
790289153866993664
735433058736803840
768099710460657664
767417393165533184
755140983277363201
759403029519015936
769938397972590592
745231435376660480
748421550056050688
747695681683492864
746949406478471168
751179700983259137
780130474215825408
758473491662462976
757029292803055616
750394278879387648
748483318958690305
746442200297410560
746128873419608065
745587955692113921
745265496887562241
739998242767802370
735470768147042306
731591669544583168
730749046852325378
789228342897696768
784800055605747712
788612978782396416
784777998725701632
793597822918615040
793152532671520768
791367439372148736
782935564542697472
792898112406839296
792891653497446400
794459158745649152
787915227924992000
757866213477388288
793107220816953344
790270178290532352
786698506035757056
756534635035852800
785927152868941825
785495170829672449
780597922643730433
762412884605427713
758306666173587457
757869172936302593
757711909462368257
756947009442045953
751117291568390145
750994891191246849
783277968198098944
757681790354087936
754867881058394112
789603098046103552
743779805812883456
757677101889773570
775806762490343424
774030932319744000
767454277375782913
758318541665808384
753739639077367809
750725811540488192
795450262391492608
794665702594580480
784778315559211008
767470881819987968
758280314036817920
757635219075764224
756852586645426176
756627591830835200
768041458624528385
784574732431687680
773582203871723520
757877014921564160
773018827873460224
749256305248968704
793877632333049856
790207612843388928
789459895275941888
776078165798219776
762703430137868288
758312534478876672
795994538250641408
794525026103894016
750396504972615684
746238189682073600
744469901629235200
787020994233761792
786217986277244928
786564677455052800
786805589896593408
785653121523384320
802340951326720000
796085225394536448
793252027165835264
793249110077734912
792052248461180928
737622539908718595
800897670441074689
800884952866750465
798997378552299521
795085755689406464
793511398114529280
793253516999393281
786798072722358273
774025576319287297
746074380367761408
732296434519838720
758336430326382592
789226617495248896
757566831666290688
786609272729632768
788149338996342784
770002467857760256
758304358849183744
758282804824244224
758130074109505536
758111299733712896
757744649381507072
757267380267544576
789663626248458240
758286935941058560
753516171362701312
731980846173917184
757648392617099264
735425702472876032
756375324942802945
789477131415855104
788152822810419200
763091516839567360
760111699936550912
756612566995050496
793694325146316800
792035318597873664
756609212894027776
742342637760458752
757569175967719425
742275962851733504
740195731378712576
792059817561120768
791255974430507008
783491612613672960
790071294817599488
785290820593254400
784777572001382400
784531001284362240
783124331513643008
780613876824014848
793151362506817536
792013904440328192
732298335097368578
733332684513128452
764099889689202689
789881454721368065
791662127039774721
780591168916754432
792939326782963713
793882005880639488
792034782167302145
791664145435398144
776099722448732161
768059860005027841
758292034784460801
757687761889595392
757630002364092416
755239679302270980
748838511332261888
732585956537184265
770002237431087106
758336605337812994
758321523761479682
757598391417307138
756243416040734722
772228437914312704
767440820316303360
758092826412478464
758299949691965441
763049411370946560
750821920799592448
745766167332126724
792137513255206912
762707155560595456
757709901787463680
773248117663735808
758399470107320320
786698169971306497
756609314232606720
790746836063678464
756376561872465920
801235460634931200
794729490039640064
775103647181115392
773459949238292480
770983839925735424
758396379823804416
731618606652510208
731600354501120000
731594806519058432
730234907583238144
728729451442393088
788813332664967168
757679997083607040
757679646506901504
757637282790768640
745282413153091584
763380671796678656
725098651396263937
776788914258534400
760141997592178688
757875592456835072
755662022931517440
733332444397600770
756140050576998400
794424252460048384
745655914305298432
795581650553991168
791494995077427200
789471702556274688
757573781191847936
741053629289910272
738003056265187328
737997968897396736
737813522038575104
756619681251942400
740821016381935617
735450786709295104
735448034407010304
735423719875727360
732587228648624128
732280424316194817
731981562988908545
740209221329944576
730778748686094337
727547570575298561
739975107578351620
760145201008668672
731613187762753540
779738110703898625
779805011937267712
758097287029657600
756989653350289408
755506792805896192
807695157785231360
743230264965533696
747805878275956737
773524995985334272
751206388706205696
737265883446403072
727514021419704320
758116896688439297
757870409995911168
762727880900112385
761972972215234561
773989145433763840
769968247517114368
764488675627528192
757649336419381248
757328611884036096
756206619860561920
749926236554686464
764117290036105216
745388461297897472
784589994614751232
773352090546634752
758335835297185792
757871034473283584
775835428918272001
794164579144179712
757109289236439040
757866314904039425
784783226736930816
758391810196697088
744552895660462080
757319397329559552
756365493146181632
743840733816307712
785230009426448384
787341376979628032
787077765786923008
790698133583982592
785575401275944960
796010242853244928
793448767374651392
792615784002514944
792203723942555648
791811666619035648
791044470695424000
755024652595068929
789895296033710080
792007799387615233
791721531915268097
788465568722612225
787478849462366209
784783850799001601
784562162656243713
776223994483732481
775117107700854785
789995641338486784
783819169439637504
785956573814194176
756370429313417216
746103656810938368
796432894570872832
795620262188236800
789478372820807680
798886484954714112
793286726995283968
758781081072046080
758125357409112064
738520959053860864
731604613498015744
747682779073249281
769216615749656577
796429495657963520
757339717591506944
756016715729870848
793298680828850176
791115159720882176
796058959077634048
794277787821600768
792872274135281664
784541176418463744
795706165971841024
788580731605938177
794688732511268864
793527738158215168
785262162516307968
784604124738416640
782970102144757762
788133297285165057
784908158426869761
792879303063171073
804321532503846913
789456189851627522
785503882541723650
785476997438959618
793849006702989312
792886386898694146
789968809717329924
794613743997087748
776242262212800516
773512361718247427
771435997716475908
758121541590773765
794694502875283456
758117010853261316
757566228349251588
753939315495989252
758332959170686982
780578157598543872
786691296756961280
761727091377180673
758128439471640577
756970089400766465
755570039143575552
746254109603467264
758355156853518344
780582547118063617
785271705308725248
757075284738932736
742500710122676224
755493991039238145
789590879963054080
790400540085714944
763565863861616640
758087069092675584
750988245140373504
757868910603603968
790687013263536128
791814120823721984
733332388516859904
760145703515619329
784576712436776960
790207850769448960
777081888473251840
758336648396570624
751199988827430913
791674039555203072
745078915929088000
791675293786370049
792066174603423744
757576470525046784
755036269026144256
732331324346896384
746426297857933312
757638903574781953
746223998275485696
745228496528539648
745227601824776192
747516262717128705
744607480647319552
744492501818474497
743750977350598656
789498915653554176
803660949194412032
800117185234472960
795448080317419520
791683131984187392
790589660825260032
785266607744487424
782934389281918976
784780034246578176
785329835845488640
746420294315737093
758385281376653312
749918160300740608
800111103980212225
783327712001789953
780438853387685889
787343422227091457
780586534663753729
773362779600326657
772805748917145601
764249607035555841
758384550045159425
758350282388541441
754875132884226049
757868367118229504
756950097703862272
764130858022367232
775775882828845056
739216401508995072
769935984838475776
757111905056096256
742098010159611904
737274873555353600
802483151406768128
763067245438365696
744531342029918208
795817786585059328
793867375498170368
802468967076007936
807903010919747584
807696542337536000
805872209101262848
805793115697254400
800872140178395136
797946774837202944
796470682880249856
806443362932953089
796218531037777921
795735734934245377
795696999597281281
793878594300874753
791043050453798914
804302504339116034
757574924731092994
751202198101626882
746412545930629122
801902914885324804
795615378978312196
795499968467505156
795497651479449604
792005658396790788
795099507545542661
792847876087025669
792460622474711045
791675016161202180
786981905866625028
746129395333611520
746071540995919877
776711371706798080
758330810860769280
744613648325349377
803346798962245632
776424617879764992
762784764894085120
757932302790000640
755501298687115264
730205677247995904
775845990645522432
757309229355130880
757013814525190144
755067703908524032
757006779695923200
775674436917796865
757363414276644865
772807918437670912
757650180254605312
768247633127337985
757348904404918272
803203152421920768
803184873158549504
799750009948282880
785676724281352192
804386177444814848
796397963824144384
796036619060977664
794455959133298688
793255841960894464
793251535455068160
789170993252081666
794618628142342145
793837374832713729
789293099826618369
776401514885619713
766794048099131394
757896121368780802
741292005557469184
731585377589460992
731166257693786113
757069267506372612
757868162222329856
757380869728440320
773552037053300736
755912648244559872
762767716193361920
773548258136293376
757087406206091264
756583663517765632
775824842260115456
767386073605500928
744149449019101184
730925732730376192
741044628766490625
758317357966196736
727515904171474944
765183788578119681
778030618672242688
775748627385950208
758397951915991040
757032595771236352
747668243947593728
756229517371281408
792475188982145024
792439312709259264
792075983440515072
751228883266113536
743401404153401344
735417126522130432
795112283265466368
789266677821243392
787889195507417088
800911647883821056
807682344438104064
806480898447278080
805830094090567680
804108348631187456
803816574264180736
784548352092438528
757707995447001088
794254732202246145
792009604335042561
792006242952708097
791733620599848961
807264137726296065
806291407728181249
785573145700892673
785297724077932545
785519675589427201
772094538118758401
758309457264803842
757578165338406914
785646919003492352
785686449865707520
778461394568040448
775446450083811328
775090295725707264
782984986634883072
758143758793789440
758084199752486912
758078170012667904
757576633347870720
751032866868518912
731608062780379136
730775568195653632
744438831638806528
756592332095496193
757576967881392131
759011723189768193
757867834173169664
771745556913909760
794220599803461632
807650022011518976
803020513043890176
800948963964698624
800910456651071488
798587118264074241
798101392418226177
797971366129516545
800234650736082944
799401712645652480
797938519209492481
766035217249370116
757652016533561344
786202826418429952
786858298431512576
775812373269454848
774035032662876160
759010712521809920
758806016704126976
757655894582632448
757362471644438528
755564353269538816
754072848533037056
757577437773500416
757357939711741952
757343922482020352
756573175031496704
756605423680118784
757903886497611776
790284172933857280
780443114368532480
773012129188282368
761937233356128256
757867044985532416
757576920749993984
806459291351863296
805766580378488832
804050058312372224
803975528759906304
803965716915507200
803285065967030272
797515948655857664
795043102335651840
794457252757458944
757021867056173056
757868809973825537
727556177412915201
746134376417755136
730776169293971456
756618117875376129
795611022010830849
795448692354535425
803351419462045697
802979918019776513
796910907226017793
807308520546848769
794247777756860417
780421886282964992
753705426320027648
745238806664613888
735418521761517568
794986116818620416
798745662288515072
802329028116041728
797606233125638144
797520175721566208
797126520628269056
796943800824451072
795948941611323392
795618199593242624
795485071507673088
805860303338688513
805820455114461185
796758121893023745
802180882144567296
801690063096651776
799746771622699008
797527910349414400
804295632714342400
793335791741181952
791134128632635392
805767568548044800
794771604148461568
794628656027017216
804087971800633347
801560648467566595
796072805624401924
798101010707337221
773008542035021825
803667250674880518
801566439505350662
801566316117315590
794656304505753600
791636633527455744
790919890353922049
795446046184841217
795284806510714881
794988103995891713
794439263504965633
794267020518891521
794242941917208577
790651531494301697
792030686110687233
786739192642543617
767468519894253568
757755281703141376
773465270425886722
758384854044123138
757725201962508290
775068059342102528
774192448922869760
760150526331871232
757577929773703168
756998797725687808
753541823109423104
743824112376766465
756278656494862336
747547896636112896
792438848039055360
792147717938089984
763515941766434816
758384421678485504
792004869943099392
791986384672292864
776287274719936512
757869092913184768
756018238497128448
757355749588738052
797307125680709632
756942814454358020
744418936033255428
801253317712211968
787298644089200640
785662251747336192
786177616759840768
785677525561204736
791853905944600576
791396383454486528
789188917736071169
788099178832420865
786860914804875265
786731633600716801
786252268853092353
774037113411035137
773303543893811200
765360596732829696
758852048980893698
790760527337185284
775825756316327940
777321164070916096
773474951601000448
760127439322419200
756626929307029504
745614359355920384
731173521276211200
758131243414421504
757359485321175040
784779568183963648
795137190393212928
793905996141883392
803591997059690496
803239933842485248
802162160646418432
802122526570770432
792150932792471552
785480708257148928
785518531723001856
783207348118642688
767880739299917824
765215873959329792
758282250018488320
757867586226880512
756856699768668161
773507373755428864
757745624657850368
803658606088482817
802523518281904129
796522629175898113
795449346779181057
794889925384663041
794651896325795841
794529364742434817
792858209551781888
790604351375020032
789273388388904961
758436897190449152
746097365149421568
757359748178149377
757014831534862336
794779261114679296
794768954803781632
744631126828916736
758349835753943042
757613149885493250
757576746501861377
725301326133993472
784491543868665856
757608409944485888
755171322288861184
795440430259335168
794296185003667456
807277784661979136
795251893471768576
795731601481232384
795047988985032704
800796893303500800
797909746997227520
796528614997192704
799578147566088192
802191067307274241
799788985291862017
807303305466703873
796532978981761026
796063757474689026
756946244879183875
803033161160683524
745647025266561025
795716945987465222
797345169326673920
779312498952572928
730238098475520000
757656744474488832
804378418129178624
794236216681992192
794042639293124608
777922783716085760
776415174957764608
775920435359682560
762427968287182848
759554568065875968
758126817530122240
757920483425685504
750776645439684608
783285410629836800
792129055382462464
780589673869631488
764080642342555649
762439454967500801
758384025887203328
757575898086375425
750652440907812864
757603606400991232
746087692987924481
756622932156248064
799059880204177408
757578231562272768
756515192796774400
769963542409781249
758423975944921089
773567218214903808
751145025766039552
784789665870180353
803361523624243200
804188157726093312
757751477653954561
744587207495794688
758440489855160321
793884037052043264
790687251017699328
790062605738119168
758283284258426880
756944950437285888
746136989523677184
746063739418480640
745659594882584576
745622306479837184
774029957953716224
756012887706140672
745388335124877312
745329036751179776
744620180400148480
744595269824712704
778072194228314112
758299891374383104
730909086775152641
728281068873355265
791094907083554816
790621774828404736
757872260501864448
747669007881338880
744588954494697472
786314204647088128
795017141980368896
794527834073075712
791063239647956992
785687119389876224
786294124131475456
774027890161704960
768259766455984128
766033962946879488
746394308052344832
795783530777313280
786280240251305984
785512886630252544
773482412382781440
767379234058829824
738317216517619712
783117608295997440
785266199240253440
758346451793616896
725021646998872064
745219219134963713
788343822182969344
758299579712466944
743756570933157889
731593403771817984
790263191729299456
757649447761436672
735475987031457792
733498804205453312
758130343417229312
758129074740932608
757901466279358464
757878108259102720
748789654011260928
795778694904221696
789989007048511488
771778305716588544
751218707440013312
745737872561606656
754098603837108225
753730203587936257
789648464930111488
766774766191738880
757577156809687040
789882885742419968
784836104553914368
775768691199860736
758286041317007360
792018144533544960
776367763870871552
763593255527280640
793510793904087040
793494202814521344
793268442329735168
793242996502388736
793224388959232000
786856784053100544
784777696945594368
783256800221159424
783259936428089344
790624233449807872
799407975500746752
746078512331784193
738009511777173504
758328455612211201
745639442321399808
805791438453743616
794546782160166912
794441072009158656
785264200608260096
789894503146676225
788578230265667585
784857984245653505
778020904576180225
774787740655378433
769695455160786945
768067658763952129
764495405480632321
762748747449327617
762726140553420801
758422685156306944
756993608855805954
743455109741424640
801438400314306560
792571333456629760
791294700867227648
757577706167042048
751174977743970308
737618666284449792
790751835774676992
771014520798081024
796051653044604928
775300425138442240
758277795780890624
747523429818040321
737609092953341953
757576208641064961
795957774656110592
757335823754887168
793450313386696704
753507031097679872
782965252900188160
757576444130291712
730933257374699520
756585693753860097
773562539703754752
757643443405545472
731581652544192513
792161338164449280
757732375392620544
757718659414560768
762745919234342913
758486163153977345
795288810607312896
781165841715003392
768072397153075200
756497475322740736
780599167106310144
757576264425299968
745381080866381824
794433626142343168
794306376193474560
794290368514818048
796061942339272704
795449717702459392
802511995627044864
796546570888085504
793282936443371520
793932302913044480
804038663990607872
755657880230105088
756956011043385345
775745888853585920
773528123166060544
773495421553504256
803823999302172673
801015130788134913
795951268791455744
795289193467543553
738321316353343489
757719342037557249
735302663072579585
765341261347848193
757716322562244608
777096923685724161
789318623437398016
771020841375113216
786886554421751808
741111428866805760
738524333237272576
731610555220426755
773372037230432256
791726899739459585
756191896859541504
758308398916067328
779498866131337216
746381480176164865
731980925693632513
790211011047460864
789878110816702464
789232102101356544
775026244098330624
757869228166877184
749919588104671232
730912730295701504
795747649563557888
788066169811009536
756853788577792000
750775937675984896
761729590968590337
779749408523034624
765194948962557952
757576880107167744
755144723610869760
793535230506364928
756576101695156224
730759208396820480
744537817271853056
792873950162411520
775058043566514176
796428365737689088
782976304408883200
785550279160827904
757878644270370816
756626757403480064
743522710177910784
756973597957259264
792887344500203520
790353988642299904
764256561539735552
757650795538046976
772101416710176768
743377025742798848
751157536456380416
758280777876533249
789999980652138496
778361685774045184
731967443736887297
785502545540161536
768047544479969280
757866379383017472
786650357468454912
786646253358768128
767879279136956416
804088951149625344
780580689074946048
780106262424027136
767547999509774336
775676416935485440
758313109928935424
758286377784049664
757878173354819584
748487581428482048
758287980276641792
757745930976260096
743402774642167808
799303830068490240
794254588216045568
795142777327808512
807294467975901184
804293891172298752
802197250902552576
801495771770220544
800943862214782976
800883262726041600
791654123221450752
762778811935129600
758284922960379904
734052976784998400
794549091367841792
804330547866693632
757870538006130688
795041092475514881
757651575204671488
757000277505536000
791984491971698688
757358247393320960
797106183635091456
802559880544534528
794027690110107648
794035803982807040
800380269618413568
794725877393276928
795691057753243648
795490835974471680
794987197640359936
806456659073712128
805764292863737856
795503927378722816
768076098555023361
761216842379759616
756025249926418432
794756941469941760
797115720903573505
795143150788558849
747693821190881281
746062585515098113
745742796074663937
744603306656415745
730760937939079168
733332714200391681
745754033026129920
745642400652091392
746239498397224960
757720282979237888
743748273366700032
743748179380736000
767424122502672385
753516667553083393
775803923542208512
802156523136909312
758464069674369024
744568594999181312
807296394750992384
784881899688828928
771031714202316801
769599607722614784
758345441834573824
785561990550974464
773583978255282176
757679503934103552
750728994866208768
808458549844201472
808287021441675264
808468346605883394
801496467248648192
808452552677330948
807332875372818436
806505273720508420
799048660310953984
807885210754879488
807706022177542144
792771510628978689
793901574695292930
796799702364721156
804082803121983492
804331764315525125
786184297199702022
791726337643974663
789624214475182090
786976321389854722
782963650579529730
775063845266128898
791093243769389060
785848018851463172
784590390112419844
774013583915089923
758332600117231620
789642611439042565
785529594778615813
758283820290408453
757005830738804741
755525656964890629
791021923656400902
746096283748810752
773589479630245888
762755854391250944
758386071449309184
784572142444740615
756978854137368576
737996490526887936
770113565483302912
758456576927727626
764183356921765888
757577366508036096
774450586552893440
798885527705554944
798609766058758144
805686366357098496
804309750250934272
804112144115634176
803898260716982272
803181087522492416
795727292903395328
783212434928635904
780575304347750400
756976085745692672
751123173018595328
779448375192195072
757656087747235840
793530149492953089
793442109458157569
793334392232022017
804301201043034113
798886138748538881
805119724652793857
792142787026292737
776643505141780481
773568223279255553
771013325484396545
757577521990893568
757868602427072512
767442724408664064
756943988238721024
754082818028924929
758289125258752000
757877963996041216
735399491080196096
790734700071358464
791830705802055680
785707850630696960
786909945350328320
785696747313958912
786208142665191424
785958998994325504
785648974229147648
790637095840649216
787299724323721216
786213244423639041
785939209710211073
785657941621739521
775085463409266689
771209423867875329
759000725271613443
748832110551502850
758997641095024644
770027708755677184
770041307846873092
768056522442244096
758456449005719556
757577197511184388
785649949480366080
803670092810596352
800240531846508544
799054038767546368
780467075164712960
779496795504160768
775769658007793664
766799561448796160
758308842849480704
758082332976787456
725156115458187265
777581829394161664
774792302090936320
758132689811693568
741051358451752960
744612927488069637
776404105711366145
745584320853704704
758386423082938369
760212941979418624
756658731182620672
744409609545351168
767446596996964352
756863238160130048
758349220709593089
807291023068164096
758287632359157760
787479604780998656
805823951922405376
794299172090421248
784796805519253504
783471736234844160
793284613636497409
783367243639955456
783231903214215168
794741862091333632
791686708978917376
804294143237300225
801831544100888577
795808096442523649
795626324975034369
794761432927707138
793650108374065154
789899454467940354
786881973050548226
786657999028887554
782906224937410562
797917194436878340
795488083420520452
794603956668342276
793491428831797252
793481032930566148
778360893478412293
773974546059763717
764145360688259076
763497695281553412
762710016331751428
758113901514989573
757568412088471553
776383760396914688
743377472822067200
735432378513031168
767432410007044097
769898639154184192
757081823235244032
735436623563894784
733348645739868160
732299221097951232
731075818521276416
730753577392713728
772801072981237760
758307269364834304
748429585734328320
742351243058765824
766784998187728896
757984574475468800
757727205271142400
742492897728180225
741033062251802625
735509489328238593
733332631333548033
731597066003197953
728732711544860673
771327721389584384
758117469718478848
765626997057921025
764150006530056192
773470879833583616
790308667396468736
790307010482810880
788369924175441920
786807296009449472
786268570158116864
791834452640935937
786225696485945344
786167007762722816
786163849271455744
785695665531662336
771186269841797121
766800981237444609
766795023232806913
759430664684843010
757072357252935681
758857200282382339
793831278382428164
785653877248897028
771213471383826436
779088165965410309
776402872095223813
746425508976541696
733340960197906433
783276493208039430
786976541725102080
789641777775054848
789245636029911040
757092238400913408
776085088559824896
744576337671749632
774795896613662720
773585568924069888
771017032720609280
768095337462525952
763102496499855360
760136796617469952
758385147049807872
757637974943207424
803339258576732160
802538223570485248
799384842945396736
799061381660246016
803193744287825920
802476655591784448
796916596728102912
803665667685842944
794430411573264384
790739430629933056
769971785882304513
754103844385148928
754084663837204480
750662126268719104
763842457989738496
756978580022816768
791637847048683521
807791110986891265
794720926592024576
795397670437273600
795037734398214144
794413272594268160
799050288338452480
796760659987939328
801960712717352960
801825286794919936
800779782854164480
806175889838981121
794365386053533698
794350118937968641
802907168374718464
803674706352160769
803434828372787201
805859201285242883
743066622500470784
741295377987600384
730776797995008000
803190616540725252
745771323985641476
756137969476657152
757577479636877314
731598878768779264
730239486353887232
728247386619924480
755043047164022784
733354426975522816
768061979881865216
757376125140172800
757868710929522689
757726437591900160
754094223746555904
751190580722622464
750648548652376064
779484781356515328
774440294754287616
775895294198382596
790395196563390464
768252279443128324
757741267250020356
792600760412348416
789173501458456576
786930290111356928
786872139752218624
786206909305004032
775893171830071296
765343705125429248
755558702308990976
754095748636024832
751270825123192832
776778774666940416
750399587509211136
744533808133836800
758125882376527873
784941250424242176
774023424498892800
765922369122762752
764110938303766529
760585538952896513
757095232039165952
757009490533294080
756611853065789440
748420686859870208
778036679185723392
773477767895773184
757987721919000576
756943108294766592
804404323304099840
803188848758902784
795580961861685248
744462284668362752
776076599389282304
775890428931563520
758138161402961920
757678682311974912
737617295048986625
761676051449843712
756954671479197696
741098671471792128
760118982393430016
768814800700858368
756514119415627777
753512007744225280
751125027056123904
746061439857795072
743069628956614656
742317944013791232
742275836825509888
741080204911779840
735479633727135744
731619967582543872
731128901574008832
730485096084611072
758405463901892608
745761404813185025
802354988030758912
792037641483063296
779730241971425280
731611518836613121
731577956628373505
790726745456541696
792061477909831680
756586002332917760
796900830402244608
751171553929392128
789811062040322048
788720894516551680
788350711218200576
786175559323770880
785279608140750848
784498891936915456
780422601021743104
783320767522037760
789885167410241536
789847943935320064
793648529365426177
792843406758273025
792018313832456193
791724742545924098
790684796800360450
790036944394805250
773357616214990850
771429666435522562
764111225898819586
762722393009840131
793101976867332100
784567795170304004
771389622618316804
758390110408826884
756985570849611780
784837207110606853
767550755742048261
756286561331863557
753749515509850116
757868453688709121
783495331023622144
770288849159421953
757569472358219777
772134554584973312
757326473447571456
756981281238507520
786756594805661696
767516802666618880
766799075228254208
757876529510481920
769649948870705152
757354986242179072
758335463103074304
765610641851838464
793953607204868096
758305188864200704
746242963534123008
789791076500537344
787829645735526400
776386131382403072
775620818407686144
807329095184949248
771737954230398976
766698684939694080
731166831436795904
804377142796513280
803284735724122112
800245040924618752
799400831732707328
799303756017856512
792431225243918336
796352536336691200
749264211478515716
791721968965980160
765357665480544256
762761767982432257
796121253702762496
769222432410533888
725010940161343488
783267175071113216
774026193498693632
772133851846041600
756216881556643840
755559032404836352
776709560983748608
776388588414042112
763177217740374016
767920614241951744
758423510825988096
750667609222311936
732327858845159424
744584943754416129
791724534818832384
758481232665673728
757866433598619648
757705926644236288
755670735721496576
793865420285550592
791495685233319936
758280934680567808
756308725158256640
756295458104995841
796209661456347136
785215170633199616
783235313615405056
794473977162924032
793497501047357440
793349599486443520
793260724130840576
792430390115991552
789493599121604609
796222841612042240
787482633697656832
786763940311236608
784525764595187714
804323179535695873
803505075406667777
802125348162928641
794986606423867393
793874855162707970
789235654618152962
788467617866612739
805472818825691139
765342384821534722
792850810753417220
791056004003823620
792059996808839172
806473698823798788
795518787604873220
794619552265043972
805770076481814533
793217446777880581
777996147419938820
768032707943235588
795714861321846790
789645454585790470
776238960968404992
756596087297835013
755213562541408261
753930266788433920
807800045965901824
792037526076809216
777996202902183936
735391011820691456
776447303729020928
751121247493292033
763402372680908800
758433757481271296
757647730684592128
757011304578154496
792858025212121088
757362741246038016
756997981484748800
774203685496848385
791805174847275008
791669500051619840
779482603632099328
755010869432582144
758322553450536961
807265106891513856
796455994909925376
794199471705956352
789491187090595840
788152630736461824
775280205162278912
767392006486290432
758384221534691328
756583250043269121
785696479209885696
786864900379283456
786172351192797184
786158412119707648
785704589370626048
786587524743335937
800381048706076672
807653726924083200
801074487374417920
798590202138628096
803649965952110593
789593187287339009
776406105916215297
775088285664186369
764086463013097473
729630942130638850
789296990127427588
744484988276477956
758122280564068357
787477550008262656
785304959122300928
790017910563561472
783334714086154240
793487763840589824
791060221498122240
790407230508130304
789846941689602048
789661533387251712
784794423968292864
795628217839325184
790362232794320896
771435586989264896
757731097761513473
807304931132801024
805773981718642688
785560867312205824
780595218055921664
757866714445086720
756982906275463168
789515467824193537
789461657277849601
789237182817001473
788916832782671873
785296676806352897
783263119304974337
782646105452470273
773369290389086209
758337012957077505
757871945551601665
788563097657171968
757721584165609472
757330299491606528
747549674874232832
743775189163466752
793883940671062016
745653492946173952
758087626863828994
757597490103345154
768909449918492672
757894958498000896
757890300043931648
757575469445308418
756662602198048770
754074053887995904
788718858798501888
763179594371436544
756368488512577536
794418759490502656
758114199264460800
757393371681947648
744503924913242112
773356179833626625
750696105252364289
743381258311467008
763048577899831296
794608823000559616
758306853713539072
753746312886116356
744402137401155588
757354191782371328
800948644820025344
798771424311640064
800097990736084992
796460354142208000
789588365901299712
785652421070422016
776123568442572800
775092088887050240
758848427983634432
758318002123046912
755536519365099520
758124450000867328
757867925831356416
746252299790651392
762396416736198657
794782569720152064
764271233181646848
760202017621106688
791636313862725632
790403725626073088
779471779458867200
758281488857194496
755500104543526912
755051054170005504
790394830979465216
769889044079706112
787075912881803264
767543410936909824
757577231652753408
785503711581863936
757643950949826560
763585131521122305
797334524304695296
796205643422113792
773338230368378880
791838142537969664
786211981917204480
786162125018279936
785954250945769472
785927033008205824
785708468023898112
785688376984776704
793271838809915392
787024475858448385
784549506750742528
789629720509939712
780598620500393984
789482865360764928
793107885303660544
785296090673315840
786862519159664642
766815280920047618
757894210053779460
786561698303881221
757742273178329088
785504858279378945
793505282227830785
793862930722918400
791839675380006913
790626122572697600
790276012802179073
771023800674680833
763055329781350401
757651065194020865
757577786290733057
756860985114300416
758309311231787009
780585219648880640
751120177945870336
764248787976085504
757688813841965056
756621496752168960
756620148493123585
793449253213437952
784917814196961280
758283747305324544
778064864170373120
758353249472770048
753734695045722112
757001084070137857
754357505124339713
751197198533136384
757752418738274305
794063843265773568
791417716330627072
789467192366628864
773521238832611328
759552969830465536
763580803032965120
790022643537813504
768050588894502912
796526889229807617
773373287204319233
770309879101845504
758114842062446592
745234523978293248
732382942614437888
732157289508028416
732033414392627200
731168581573066752
731162079189712896
730228053436186624
730223646824906752
730220893029449728
731172954864795650
728285976276156418
725020946587893761
758308615384141825
792127949294211072
790705944946741248
777887602972233728
766691658855550976
758354263978508288
731579672937549824
766330623455813632
760131793173569536
747689845397520385
780569400197906432
756513356287180800
750706763440193536
783327964977041408
775351850937778176
771722335137202176
759116907308023808
757720740678500352
756858903506329601
784524366398758912
795605169958428672
768056314761191424
757029800930320384
756524408638939136
793285558487412736
771435057324158976
758451661903949824
787491649148641280
735480566355787776
795029578603499520
791654005697089536
733355768351756288
792434548827193344
776776804241735680
792846368968695808
791469318164865024
789890732643540992
785200998079946752
757757605267791872
756614760410583040
756145811776471041
735453402281435136
787107676832530432
779745910150529024
775748482619539456
766326100419018752
750727000390762496
750406414904983552
757577412670529536
755150852202065921
763339097431764992
757576808783048704
741114561349160961
783497968510963712
757577560364552192
731167057857904641
787777344740163584
780577760318226432
773554673013915648
756192838145179648
794597677069639680
763093116190597120
763050249195757568
758294312186683392
757650021458255872
757318117391474688
727519107457933312
725295276064432128
773542335317762048
756855534016487424
754079819864956928
727516061164298242
806511165593501696
788575667214553088
789226714559836160
787806134396678144
790592202581897216
790384693384474624
789618846827180032
783217036977664000
785554398218973184
785235948942553088
794470889664483328
793300008175038464
785300226433318913
805773376283443200
784778191818948608
776779867765571584
757077620928512000
788157198262235137
776118939713695745
774784391763619841
768090518718935041
765185592061751297
759566914259677185
758413433868021761
756942100940353537
764142808194244608
756862081043951617
771213763697442816
785275796378222592
784533308201893888
769277220904894464
749930712250318848
798760556463210496
776377949876547584
793222024252493824
773504077967790080
762777752017702912
756957822424875008
792041482324680704
775679698110128128
758465159413243904
756532516740276224
795637031347089408
765935258831351808
755668653295726592
749925208073658369
757575805740474369
764078595404947456
786859902492741632
786793084218511360
793847758465536000
792908374803222528
789244408625369088
786907464641810432
775809549445894144
758821133462278144
757870344623362048
748832388512223232
800371291475820544
758465402913624064
758392444035731456
758854101387972609
757657164743708673
751153144856514560
780597400591368193
794745498133561344
756615789676036096
779739908248330240
765933853143859200
758291527386923008
757575148316786688
783255490272849920
769583931838590976
758339244943372288
793605311030497280
776254986137243648
756367773312356352
751172554497359872
774817803538931712
757576171919908864
805574097195429889
756525564400377856
746264808610209792
800879114500632576
793872988022173696
806444581709606912
766335382149591040
799829999314468864
793950316324651008
796011036604301312
803391589083185152
796528237711130624
795586849335083008
794436479665766400
803339161772163072
803284929622769664
797514825488273408
797315211514482688
795073756599291904
786889660245086208
786729826191282176
791807877333782528
787749893649600512
802346028049502208
795813354740781056
790019346416406528
802189652505591810
795075750034604036
794268652329697284
794275674240516099
794273710559657987
793938770051661827
793937084625125381
772973358124326912
745767663520071680
745653776288202752
797114833917317121
787341655431057409
784873305463459841
766765465645486081
765924161202032641
757717728090263553
755506346712240129
745293886319366145
802168987522138113
767549022592794624
757712597491875840
767430523975241730
756574594073497602
756521849308188674
775056302385029120
749932354047729664
742311663651676160
776245404576907264
757362127204122624
756501723305414656
758305722056732672
802464423642300416
773361581631635456
757867785074671616
758149617569636352
773502579166867456
755532596793241600
804403023573225472
803235292236812288
803189011250483200
803047253283770368
803020006086742016
800950015329898496
800237145382260736
797971449805869056
797937624044343296
794204765127249920
800772418725810178
744477366647328769
731965515300671489
741088180242419716
755656535519457280
754089508111577088
758086600089866241
735426380960305152
757677263739650048
756578053028020224
749262980425154560
775125240775073792
753517871230222336
750714659892756480
769595850922332160
776289151037632512
754090907402637313
756247552891162624
762804219426537473
771774547062325248
762738125886070784
807701824539127809
802114341466206208
756947181622456320
748489531041718272
748297326368858112
746952789255987200
746077806292049920
757632872111104000
750409883875500032
747691284165500929
747520831681667073
746065302149079040
746062829917249536
747558463216230402
744382048207577089
743829121730551809
743069214433550337
733613605418115074
731165550844510208
730932356689895426
744395855223005188
733332486579757061
757364916068225025
760225209358114816
756957149507485697
776627478970368000
769595539201589248
758406962027560960
757641980570632192
757007848245166080
756947666089672704
757576078793797632
779344494772752384
759374908992479232
757347458049568768
756968126001115136
793254628670386176
791834567669788672
791107363600150528
789987961123188736
789179225777451008
786907032657932289
785685333333585921
786255755204702208
786164819112046592
785615427913199616
751268693334634497
737411640984010753
793488864694317059
751265525024501764
791823171640963077
725032811229548545
787688715284058112
794526500519350272
790411759177895936
763574437253943296
758285787666518016
803362566118473728
807339920121561088
805688410094600192
804651164763586560
792073382179274752
791686861966180352
783367709996253184
795756603802812416
793886776570052608
793219623126728704
757576552938962944
757390606087979008
755662957372211200
727562945840975872
792895642880344065
792042369269006337
790746407539998721
790728962263646209
784529660625453057
799398174041473025
806175751846395905
791132994476081153
784588387399401473
787295280899194881
778418352465272832
763182441582452736
760209507863625728
758126697854009344
757867338448371712
773973367233929216
763041804652539904
757575115248922624
727544944882253826
785665109276315648
785953705048756224
779042387188338688
776437869376262144
775401189546479616
775089077334921216
774038114155188224
767544307003772928
764485057239191552
762443446976073728
757101169328132096
756217834947088384
744609266611392512
770122128465231872
749921692802252800
743522995319242755
755657280406822912
753948329105510401
805767087809556481
758283450608709633
762711823216996352
758127260754808832
747535129984143360
783112363310452736
756396203395473408
757269598743986180
752501793851080708
785674600952635392
775817318408396800
775619795932684288
762416750566580224
758842870086246400
758127065040166912
758121832452988928
757893802606469120
757866157042835456
755565889294966784
755140834836832256
807271368387608576
750699704577654784
756019802339217408
762763749786804224
762633819241472000
761735718494429184
757680575461351424
757277230250745856
741052160750804992
757576122624245760
755788283087622144
760148834542579712
758292144608145408
757740431631347712
795113232587509760
807329576116506624
807326067405049856
802334489892573184
794068498116988928
794070774659371008
758117620184911872
757983116573151232
744602399281676292
793857073511563264
792428638524309504
748562606105985024
742317921054162944
795501151953309697
804295763564122113
776547040444739584
773574183267790848
767560069949091840
785647635277369344
793249680985509888
792906512742043648
791831793884286976
789610758514495488
787060280832380928
786605016983359488
789078312043761665
785696113479208960
786222755536523264
779494509847597057
774035836656504833
771213643669131265
783231493216804864
782944687044829184
803664275587866624
803195122821242880
779741351588012032
794784007808491520
785571152836042752
802490467023724544
802476790581174272
801073968362954752
775843329825181696
764511796480925696
758122541546295301
744539622466797568
792875315920048128
787301455002800128
757003020798464000
756597048141615104
787018334273413121
795145034345619457
794655687271915521
793228674799640577
793514351000952833
783314648791654401
792443303824334849
779729882146283521
773365638538600449
773006309578907649
754096914862407680
752498283336138753
749927529457352704
780433938409988098
744590599160995842
757703730397577217
793673434710540288
778353177380913152
760128893214916608
758423686240141312
758278599560527872
788121748877221891
771437118673526787
771016939879665664
757648062554705920
770358978203254784
757754485334769664
757700192384745472
757577320886599680
758290912057368580
784910885173207040
757578640477528068
756581700721844224
755537170547482628
786881097510641664
790314584028700672
787625546461175808
791016873370542080
784545882838622208
783499578033266689
786653209825861633
786885222830923776
785199604933550080
793663926261211136
793249258510180354
792869891103744001
791481591017201666
783818363109859329
785510874576543745
777322790718496770
770666653218725890
767388348042403842
758306506207092738
757710032389758978
790631309119021060
789459647459713028
784851192862171140
773354326710509572
773005279596339204
767557163116093444
758385064501796868
757593702823059460
756977401821880324
756215642597056517
754081668185677830
745991522072543232
791053867941302272
773525458134700032
763058955962748928
762695443889459200
758320364715970560
758295191644213248
757871575999938560
750806796391047169
746160998181134337
787338801853165568
786989848938868736
797617569553379328
792044016481267712
791757799189573632
789517220766478336
806477872428937216
794628830619168768
790412851462729728
804034927058677760
789476592791715840
787306340716773376
766348769428373504
750671991963779072
745742226752405505
731178973548445697
757676669629001728
795080686780739585
787781519951720449
789800270955999233
788064915273740289
790187124159025152
792040974881058817
791071057516097537
788514288315068417
807779183631986689
776081345290366977
758292552869089280
747547188864122882
758455962617413632
758307630553137152
805680207109693440
792018530321440768
763502474091229186
757314394925756418
745382113269129216
804321413377224704
767935567137009664
764495451341123584
789603343412977664
758306910743519232
730489784335007744
772809710563168256
769233025276252160
757576598841425924
748486480495054848
803590007453683712
776434478952517632
775092548490530816
774176735206084608
795706404220928000
794432544301350912
767356428638191616
762391989757378560
758862427840614400
758135327777132544
757387013494636545
754101326607515648
744594944921374720
740198563121094657
775823293781794816
758113315046330369
757869900987785216
757866790357721088
757367529669025792
757679053671366657
757640499431895040
794352636178862080
793267599664615424
787484263797100544
732146512780726272
762387312483401728
758132108799934464
756981074744475648
761674335119613953
758299763884302336
757575990591811585
756499502136225793
775271729509888000
751030595594153984
745217338551603200
806478018222981120
796016813696057344
792137656880824320
780593158820429824
804072112575184896
796213887133777920
784943054021165056
792853454792392705
791681343587581953
781663481623969792
803448846802190337
795055105162838017
794180237693255682
792137859872555010
790278989596295170
789640438256992258
780592109216825346
805822178226831362
802184292474519554
776394386674515971
784536831039864836
787781046519693316
795124414182555652
784535760418603012
784568702624825348
790406530738913285
800796630987538437
799389325473579013
805863435711954944
776377071992012804
766352516548362246
757601009703288838
789973762594770944
756978004371378176
756529316209590280
745657310819815424
745645558572945408
744618205726019584
744615187093819392
796898198459744256
794990684029812736
763852003093217280
758423201206730752
744599594047279104
743517716917686272
756999790005739521
775770516825202688
760141962448101376
731616246962229249
727547870019227649
725298248542490625
767385854520197120
760221231064969216
786808135512055808
789480286903996416
786691843811577856
793886876641923072
793697339198279680
787045480890982400
785712276368089088
776412399821742080
766797741095739392
766781423390908416
791469418530373632
758305566829740032
756257463087824896
737999940706795520
757869466550149120
758127584114728961
793932002655399936
756657451177537536
754104240222695424
757678337724735488
785687415662850048
779370965830479872
778779668002385920
775083640480870400
764077979546693632
759014301268979712
758076783677681664
757906417818808320
755559583834189824
790635169174720512
755010178270040064
751133453169471489
792031918242103296
791681452823961600
791676045460135936
788058872321826816
757575600710246400
757881371763146752
790713289311387648
758285305564786688
757681304582385664
753935386578153472
787749117502119936
783262148550156288
791469840750043136
794032059291406336
792873767664050176
792436244613652480
792435394403065856
791637602206179328
784564871883087872
790620754614378496
757572503896199168
758409443973431296
758134993944137728
730755202358345728
793103257207971840
790607891300573184
790316329534418945
769882511153438720
791025192676057089
790021181919420417
785291341089693697
804323816558227456
776079426614419457
769935485896712193
763047172023738369
762699895337869313
757867212438986753
757677900263022593
768130503434264576
756396416558391296
799058645036236800
755502757679947778
728280667201613824
728244254233997312
724997834064408576
794756750926876672
794257681901096960
789602356916850688
776379661219729408
768080541547696128
754880949821837312
751160652639703040
730236154210095104
805772191728107520
784527311018360832
783433393317052416
776372248844402688
773303999638503424
755022365965377540
789458342993354752
744414406398861312
743749423847505920
722424984690294784
756602212369956865
793653433739902976
769584544387301376
764472143346270208
756230470472433664
788514761621245952
757269807892926464
789658069231894528
754358313383526400
755667978260193280
786651590983872512
756601388440940544
745220389706489856
751147532194111489
792053623882735616
771448313732358144
733332601193299968
793316818987454464
792876442300387328
735301698101645312
780437175682957312
757677211168243712
796062622139482112
794687324688941056
794450623404113920
797622296747900928
802117167038791680
793652175721332736
798882662618431488
802561131659329536
802523418574913536
801238193953767424
757866495594594304
758309377921150977
751122806583226368
807703843979067393
805471468800901121
796437352474411009
794906269022818304
794545685651718145
794272236073058305
770001395424563200
758436386915618816
758424579673120768
750671157985153024
788345129543303168
785486367367266304
794637004302614528
767445608496005120
756661339502813185
807301337570484224
796721168820609024
789574436219449345
775975647046934528
762787759106957312
801236632997392384
773341573908197376
757713972338552833
744511333048029185
727564113946279938
786979366584672256
746905198006779904
775349701495427072
760110005404241920
790400072408334336
764146356546142208
753752738090156032
758434090462896128
757866265453158400
750650173324419072
779756143396519936
733340464720420865
793259390631542784
758093125856395264
755151865411665920
758385627020816384
795947317694173184
791664592061628416
780446043800502272
757678229696184320
806495838872674304
755062465189257216
785296372312502272
773971734332633088
763344822648369152
784787441437859840
775804705511530496
730777999751184384
758307031153577984
749933918590275584
775820595338641408
771776006382387200
770021337645604864
750646135656701952
757109900199723009
773334018771255296
766693636943773696
762812368883707904
757576024037134337
742320049889873920
731130181541302272
746391076030734336
776744711184875520
758353511260233729
791091853441507328
790288661271158784
771457607848620033
758402870337269761
743824707556876288
796957960547266560
757650949410349056
795875391386877952
784947636734464000
750656314779570176
785819973247795200
773343484094939136
765340192375013376
758457574387834880
774207583850725376
766343335522992128
762694597059411968
757940726198042624
757866027254444032
757606195960115200
755071106814472192
780590808969908224
785285412503818240
794200980510347264
796051906531651584
795058826944933888
805470890213470208
794722847776272384
795072135664463872
794600535907332096
803675725870100480
803421316141510656
802477208912752640
801524675134320640
792843178877550592
787079640661786624
768044801946189824
789613244516278272
795375750866149376
757576369417101312
756601187428868096
750775987978248192
765210977625370624
759078957522284544
745753958954704896
794289500096786433
757590888457658368
803032132251697152
803200254334091264
795486334693556224
795290227157909504
796352003010084864
796051743926796288
802477972577992704
802119778496299008
801434657594163200
797345099021697024
795952381691314176
785482303124475904
790286200015884289
790611180796739585
776250288571383808
801490288720101377
800917759555158017
800735603457409025
799578271369281537
794363594062315521
751270359865827328
745734615650942977
746045779949805569
785498701502570496
746415935725047808
746389441648857088
745217087132471296
744620538773966848
744545598834020352
733501284217589760
788373930910314496
758306369183313920
757105890659037184
750661531138945024
757642773075988480
755497315578810368
747552003233026048
735448177923461120
795087575648206848
792441736744304640
758281232513925120
744426637069025280
758307953476771841
739050658716876800
792954865039319040
786749129338789888
756850917098528768
802633055194247168
